      ! Gamma values generated from CSV file
      KW_Gamma_i(1) = 18.87979D0
      KW_Gamma_i(2) = 3.38588D0
      KW_Gamma_i(3) = 24.25690D0
      KW_Gamma_i(4) = 2.53672D0
