C Combined gamma values from all tissues
        IF (MATNAME == 'EW') THEN
        KW_Gamma_i(1) = 18.86649D0
        KW_Gamma_i(2) = 3.38642D0
        KW_Gamma_i(3) = 24.24785D0
        KW_Gamma_i(4) = 2.53677D0
        ELSE IF (MATNAME == 'TW') THEN
        KW_Gamma_i(1) = 18.86384D0
        KW_Gamma_i(2) = 3.38668D0
        KW_Gamma_i(3) = 24.23101D0
        KW_Gamma_i(4) = 2.53692D0
        ELSE IF (MATNAME == 'LW') THEN
        KW_Gamma_i(1) = 18.86143D0
        KW_Gamma_i(2) = 3.38686D0
        KW_Gamma_i(3) = 24.22089D0
        KW_Gamma_i(4) = 2.53701D0
        END IF
